0.1
0.099999999999999999
0.100000000000000000000000000000000000000000000000000000
0.10000000000000000555111512312578270211815834045410156250
0.100000000000000010000000000000000000000000000000000000



0.10000000000000002
0.100000000000000013
0.10000000000000001942890293094023945741355419158935546875
0.100000000000000026


0.46
0.4599999999999999923
0.4600000000000000100
0.460000000000000019984014443252817727625370025634765625
0.4600000000000000477


0.46123456789012346
0.461234567890123432
0.46123456789012344
0.461234567890123459132922789649455808103084564208984375
0.46123456789012348
0.461234567890123486


72057594037927944.1
72057594037927945
7205759403792795
72057594037927952
72057594037927959
72057594037927959.9

1023.9999999999999
1023.99999999999983
1023.99999999999988
1023.9999999999998863131622783839702606201171875
1023.99999999999990
1023.99999999999994

1023.99999999999988
1023.99999999999998